18/5/2018 22:50:14
0 
1 
-2 
1 
0 
0 
TUE 13/12
apt
0 
0 
0 



0 



0 







0 



0 



0 




0 



0 


0 



0 





0 



0  







0 



0 

















0 







0 
























































0 
0 
0 
0 
0 
0 
0 
0 
0 
0 
0 
0 
0 
0 
0 
0 
0 
0 
0 
0 
0 
0 
0 
0 
0 
0 
0 
0 
0 
0 
0 
0 
0 
0 
0 
0 
0 
0 
1 
0 
0 
0 
0 
0 
0 
0 
0 
0 
0 
1 
0 
0 
0 
0 
0 
0 
0 
0 
0 
0 
0 
0 
0 












0 
0 
0 
0 
0 
0 
0 
0 
0 
0 
0 
0 
0 
0 
0 
